1 0.011504
2 0.000010
3 0.011512
4 0.000018
5 0.011523
6 0.000030
7 0.011537
8 0.000047
9 0.011555
10 0.000068
11 0.011578
12 0.000092
13 0.011607
14 0.000119
15 0.011648
16 0.000152
17 0.011685
18 0.000188
19 0.011722
20 0.000230
21 0.011765
22 0.000272
23 0.011817
24 0.000318
25 0.011866
26 0.000368
27 0.011921
28 0.000437
29 0.011989
30 0.000512
31 0.012068
32 0.000591
33 0.012154
34 0.000675
35 0.012243
36 0.000765
37 0.012336
38 0.000857
39 0.012430
40 0.000955
41 0.012531
42 0.001058
43 0.012642
44 0.001169
45 0.012750
46 0.001281
47 0.012863
48 0.001401
49 0.012984
50 0.001526
51 0.013110
52 0.001659
53 0.013249
54 0.001792
55 0.013386
56 0.001927
57 0.013526
58 0.002069
59 0.013677
60 0.002218
61 0.013826
62 0.002371
63 0.013980
64 0.002534
65 0.014143
66 0.002698
67 0.014308
68 0.002860
69 0.014482
70 0.003030
71 0.014654
72 0.003216
73 0.014836
74 0.003401
75 0.015020
76 0.003588
77 0.015214
78 0.003784
79 0.015403
80 0.003961
81 0.015603
82 0.004153
83 0.015765
84 0.004325
85 0.015980
86 0.004521
87 0.016145
88 0.004695
89 0.016320
90 0.004885
91 0.016507
92 0.005080
93 0.016697
94 0.005273
95 0.016908
96 0.005460
97 0.017109
98 0.005660
99 0.017316
100 0.005867
