1 0.000034
2 0.000609
3 0.000043
4 0.000622
5 0.000054
6 0.000635
7 0.000069
8 0.000655
9 0.000088
10 0.000677
11 0.000110
12 0.000703
13 0.000136
14 0.000732
15 0.000167
16 0.000770
17 0.000204
18 0.000809
19 0.000242
20 0.000860
21 0.000289
22 0.000906
23 0.000337
24 0.000953
25 0.000393
26 0.001015
27 0.000458
28 0.001086
29 0.000533
30 0.001161
31 0.000611
32 0.001235
33 0.000693
34 0.001321
35 0.000782
36 0.001412
37 0.000876
38 0.001509
39 0.000978
40 0.001616
41 0.001087
42 0.001735
43 0.001206
44 0.001850
45 0.001318
46 0.001952
47 0.001431
48 0.002074
49 0.001559
50 0.002199
51 0.001689
52 0.002333
53 0.001820
54 0.002471
55 0.001958
56 0.002616
57 0.002110
58 0.002762
59 0.002258
60 0.002912
61 0.002409
62 0.003067
63 0.002567
64 0.003234
65 0.002714
66 0.003392
67 0.002879
68 0.003559
69 0.003049
70 0.003743
71 0.003223
72 0.003909
73 0.003400
74 0.004083
75 0.003586
76 0.004273
77 0.003789
78 0.004468
79 0.003987
80 0.004675
81 0.004192
82 0.004878
83 0.004392
84 0.005087
85 0.004603
86 0.005305
87 0.004807
88 0.005523
89 0.005030
90 0.005732
91 0.005263
92 0.005966
93 0.005501
94 0.006206
95 0.005744
96 0.006448
97 0.005988
98 0.006714
99 0.006239
100 0.006962
