1 0.047949
1 0.047951
1 0.047953
1 0.047955
1 0.047956
1 0.047959
1 0.047961
1 0.047962
1 0.047964
1 0.047966
2 0.047970
2 0.047975
2 0.047980
2 0.047983
2 0.047987
2 0.047990
2 0.047993
2 0.047997
2 0.048001
2 0.048004
3 0.048009
3 0.048014
3 0.048021
3 0.048028
3 0.048034
3 0.048042
3 0.048049
3 0.048056
3 0.048063
3 0.048069
4 0.048074
4 0.048081
4 0.048090
4 0.048099
4 0.048107
4 0.048113
4 0.048121
4 0.048129
4 0.048136
4 0.048145
5 0.048155
5 0.048165
5 0.048175
5 0.048185
5 0.048194
5 0.048205
5 0.048215
5 0.048225
5 0.048235
5 0.048246
6 0.048258
6 0.048271
6 0.048284
6 0.048296
6 0.048308
6 0.048320
6 0.048332
6 0.048343
6 0.048356
6 0.048367
7 0.048381
7 0.048395
7 0.048410
7 0.048424
7 0.048438
7 0.048451
7 0.048465
7 0.048479
7 0.048493
7 0.048507
8 0.048523
8 0.048539
8 0.048555
8 0.048571
8 0.048588
8 0.048604
8 0.048620
8 0.048637
8 0.048653
8 0.048669
9 0.048688
9 0.048707
9 0.048725
9 0.048743
9 0.048763
9 0.048781
9 0.048799
9 0.048818
9 0.048835
9 0.048855
10 0.048875
10 0.048895
10 0.048916
10 0.048936
10 0.048956
10 0.048977
10 0.048996
10 0.049017
10 0.049037
10 0.049057
11 0.049080
11 0.049102
11 0.049125
11 0.049147
11 0.049169
11 0.049191
11 0.049214
11 0.049236
11 0.049258
11 0.049281
12 0.049306
12 0.049331
12 0.049354
12 0.049378
12 0.049402
12 0.049426
12 0.049460
12 0.049482
12 0.049505
12 0.049528
13 0.049554
13 0.049579
13 0.049604
13 0.049638
13 0.049664
13 0.049690
13 0.049714
13 0.049741
13 0.049766
13 0.049791
14 0.049819
14 0.049847
14 0.049874
14 0.049901
14 0.049930
14 0.049957
14 0.049984
14 0.050011
14 0.050046
14 0.050081
15 0.050109
15 0.050137
15 0.050165
15 0.050193
15 0.050222
15 0.050250
15 0.050285
15 0.050313
15 0.050345
15 0.050375
16 0.050409
16 0.050441
16 0.050473
16 0.050505
16 0.050539
16 0.050571
16 0.050604
16 0.050635
16 0.050667
16 0.050702
17 0.050735
17 0.050770
17 0.050804
17 0.050841
17 0.050875
17 0.050910
17 0.050944
17 0.050980
17 0.051015
17 0.051051
18 0.051088
18 0.051125
18 0.051163
18 0.051200
18 0.051235
18 0.051271
18 0.051308
18 0.051344
18 0.051383
18 0.051420
19 0.051460
19 0.051500
19 0.051539
19 0.051576
19 0.051615
19 0.051655
19 0.051695
19 0.051731
19 0.051769
19 0.051807
20 0.051847
20 0.051887
20 0.051928
20 0.051969
20 0.052011
20 0.052052
20 0.052092
20 0.052133
20 0.052173
20 0.052214
21 0.052257
21 0.052301
21 0.052345
21 0.052387
21 0.052430
21 0.052472
21 0.052516
21 0.052560
21 0.052602
21 0.052646
22 0.052691
22 0.052734
22 0.052778
22 0.052825
22 0.052872
22 0.052916
22 0.052963
22 0.053009
22 0.053054
22 0.053102
23 0.053152
23 0.053200
23 0.053247
23 0.053293
23 0.053340
23 0.053390
23 0.053437
23 0.053484
23 0.053531
23 0.053581
24 0.053631
24 0.053681
24 0.053731
24 0.053780
24 0.053828
24 0.053876
24 0.053925
24 0.053976
24 0.054026
24 0.054078
25 0.054130
25 0.054180
25 0.054230
25 0.054282
25 0.054333
25 0.054388
25 0.054441
25 0.054492
25 0.054543
25 0.054594
26 0.054649
26 0.054704
26 0.054758
26 0.054811
26 0.054868
26 0.054927
26 0.054983
26 0.055038
26 0.055088
26 0.055144
27 0.055201
27 0.055254
27 0.055310
27 0.055366
27 0.055424
27 0.055480
27 0.055535
27 0.055590
27 0.055647
27 0.055705
28 0.055762
28 0.055820
28 0.055877
28 0.055933
28 0.055991
28 0.056050
28 0.056106
28 0.056164
28 0.056223
28 0.056279
29 0.056340
29 0.056401
29 0.056459
29 0.056518
29 0.056579
29 0.056639
29 0.056701
29 0.056762
29 0.056825
29 0.056886
30 0.056949
30 0.057017
30 0.057078
30 0.057140
30 0.057204
30 0.057271
30 0.057334
30 0.057397
30 0.057460
30 0.057522
31 0.057587
31 0.057652
31 0.057717
31 0.057783
31 0.057848
31 0.057912
31 0.057977
31 0.058044
31 0.058107
31 0.058173
32 0.058240
32 0.058307
32 0.058374
32 0.058440
32 0.058508
32 0.058572
32 0.058640
32 0.058708
32 0.058776
32 0.058840
33 0.058912
33 0.058981
33 0.059052
33 0.059121
33 0.059190
33 0.059257
33 0.059330
33 0.059398
33 0.059466
33 0.059532
34 0.059602
34 0.059673
34 0.059744
34 0.059816
34 0.059889
34 0.059961
34 0.060035
34 0.060105
34 0.060177
34 0.060247
35 0.060320
35 0.060395
35 0.060467
35 0.060551
35 0.060624
35 0.060697
35 0.060774
35 0.060846
35 0.060919
35 0.060998
36 0.061073
36 0.061148
36 0.061227
36 0.061301
36 0.061375
36 0.061452
36 0.061525
36 0.061602
36 0.061676
36 0.061750
37 0.061827
37 0.061904
37 0.061983
37 0.062062
37 0.062141
37 0.062219
37 0.062301
37 0.062378
37 0.062457
37 0.062537
38 0.062618
38 0.062698
38 0.062779
38 0.062858
38 0.062939
38 0.063018
38 0.063099
38 0.063179
38 0.063258
38 0.063339
39 0.063420
39 0.063500
39 0.063579
39 0.063664
39 0.063747
39 0.063832
39 0.063915
39 0.063995
39 0.064075
39 0.064158
40 0.064247
40 0.064331
40 0.064414
40 0.064497
40 0.064581
40 0.064663
40 0.064744
40 0.064833
40 0.064917
40 0.065000
41 0.065087
41 0.065175
41 0.065266
41 0.065354
41 0.065443
41 0.065530
41 0.065614
41 0.065697
41 0.065787
41 0.065874
42 0.065964
42 0.066054
42 0.066142
42 0.066235
42 0.066323
42 0.066415
42 0.066506
42 0.066599
42 0.066688
42 0.066776
43 0.066867
43 0.066956
43 0.067048
43 0.067137
43 0.067230
43 0.067319
43 0.067405
43 0.067496
43 0.067588
43 0.067678
44 0.067769
44 0.067861
44 0.067954
44 0.068043
44 0.068133
44 0.068227
44 0.068318
44 0.068420
44 0.068507
44 0.068599
45 0.068690
45 0.068782
45 0.068872
45 0.068960
45 0.069061
45 0.069152
45 0.069243
45 0.069335
45 0.069427
45 0.069530
46 0.069628
46 0.069730
46 0.069824
46 0.069937
46 0.070035
46 0.070131
46 0.070230
46 0.070330
46 0.070427
46 0.070527
47 0.070627
47 0.070730
47 0.070829
47 0.070928
47 0.071027
47 0.071132
47 0.071233
47 0.071333
47 0.071432
47 0.071536
48 0.071636
48 0.071736
48 0.071838
48 0.071940
48 0.072036
48 0.072134
48 0.072234
48 0.072327
48 0.072420
48 0.072514
49 0.072629
49 0.072734
49 0.072843
49 0.072943
49 0.073053
49 0.073157
49 0.073264
49 0.073372
49 0.073480
49 0.073583
50 0.073689
50 0.073799
50 0.073906
50 0.074017
50 0.074124
50 0.074230
50 0.074337
50 0.074445
50 0.074553
50 0.074664
51 0.074774
51 0.074886
51 0.074999
51 0.075109
51 0.075218
51 0.075330
51 0.075438
51 0.075547
51 0.075656
51 0.075766
52 0.075875
52 0.075986
52 0.076097
52 0.076209
52 0.076320
52 0.076433
52 0.076547
52 0.076661
52 0.076769
52 0.076883
53 0.076997
53 0.077107
53 0.077223
53 0.077339
53 0.077452
53 0.077564
53 0.077676
53 0.077790
53 0.077901
53 0.078014
54 0.078133
54 0.078254
54 0.078369
54 0.078487
54 0.078603
54 0.078720
54 0.078832
54 0.078951
54 0.079066
54 0.079183
55 0.079299
55 0.079413
55 0.079523
55 0.079636
55 0.079755
55 0.079871
55 0.079992
55 0.080116
55 0.080236
55 0.080357
56 0.080476
56 0.080599
56 0.080722
56 0.080844
56 0.080961
56 0.081078
56 0.081199
56 0.081322
56 0.081436
56 0.081556
57 0.081674
57 0.081793
57 0.081913
57 0.082037
57 0.082164
57 0.082284
57 0.082403
57 0.082521
57 0.082644
57 0.082770
58 0.082896
58 0.083025
58 0.083148
58 0.083269
58 0.083391
58 0.083518
58 0.083644
58 0.083769
58 0.083894
58 0.084020
59 0.084145
59 0.084269
59 0.084401
59 0.084531
59 0.084660
59 0.084790
59 0.084914
59 0.085040
59 0.085164
59 0.085288
60 0.085417
60 0.085547
60 0.085676
60 0.085806
60 0.085934
60 0.086059
60 0.086191
60 0.086319
60 0.086447
60 0.086578
61 0.086706
61 0.086842
61 0.086977
61 0.087103
61 0.087234
61 0.087363
61 0.087495
61 0.087628
61 0.087763
61 0.087895
62 0.088028
62 0.088159
62 0.088278
62 0.088406
62 0.088535
62 0.088665
62 0.088795
62 0.088924
62 0.089055
62 0.089189
63 0.089322
63 0.089451
63 0.089579
63 0.089716
63 0.089847
63 0.090002
63 0.090132
63 0.090263
63 0.090392
63 0.090569
64 0.090726
64 0.090864
64 0.091004
64 0.091140
64 0.091273
64 0.091417
64 0.091557
64 0.091697
64 0.091833
64 0.091971
65 0.092113
65 0.092255
65 0.092393
65 0.092532
65 0.092673
65 0.092819
65 0.092963
65 0.093103
65 0.093251
65 0.093393
66 0.093535
66 0.093674
66 0.093822
66 0.093961
66 0.094105
66 0.094252
66 0.094392
66 0.094544
66 0.094690
66 0.094832
67 0.094974
67 0.095114
67 0.095262
67 0.095404
67 0.095550
67 0.095695
67 0.095853
67 0.095995
67 0.096136
67 0.096286
68 0.096437
68 0.096584
68 0.096731
68 0.096867
68 0.097009
68 0.097154
68 0.097302
68 0.097448
68 0.097595
68 0.097737
69 0.097884
69 0.098040
69 0.098190
69 0.098337
69 0.098486
69 0.098633
69 0.098778
69 0.098928
69 0.099080
69 0.099226
70 0.099378
70 0.099526
70 0.099675
70 0.099828
70 0.099980
70 0.100130
70 0.100281
70 0.100431
70 0.100585
70 0.100738
71 0.100888
71 0.101048
71 0.101203
71 0.101355
71 0.101508
71 0.101659
71 0.101807
71 0.101967
71 0.102121
71 0.102272
72 0.102427
72 0.102583
72 0.102739
72 0.102895
72 0.103048
72 0.103207
72 0.103363
72 0.103519
72 0.103676
72 0.103825
73 0.103987
73 0.104144
73 0.104304
73 0.104463
73 0.104617
73 0.104776
73 0.104935
73 0.105093
73 0.105251
73 0.105410
74 0.105570
74 0.105730
74 0.105888
74 0.106050
74 0.106215
74 0.106370
74 0.106534
74 0.106691
74 0.106859
74 0.107015
75 0.107185
75 0.107347
75 0.107509
75 0.107672
75 0.107840
75 0.108002
75 0.108168
75 0.108329
75 0.108495
75 0.108655
76 0.108821
76 0.108984
76 0.109146
76 0.109316
76 0.109477
76 0.109659
76 0.109824
76 0.109995
76 0.110160
76 0.110338
77 0.110496
77 0.110655
77 0.110811
77 0.110994
77 0.111154
77 0.111309
77 0.111470
77 0.111646
77 0.111807
77 0.111968
78 0.112133
78 0.112320
78 0.112488
78 0.112658
78 0.112819
78 0.112974
78 0.113143
78 0.113316
78 0.113489
78 0.113659
79 0.113826
79 0.113995
79 0.114168
79 0.114340
79 0.114504
79 0.114684
79 0.114863
79 0.115033
79 0.115207
79 0.115378
80 0.115552
80 0.115729
80 0.115902
80 0.116076
80 0.116257
80 0.116437
80 0.116613
80 0.116790
80 0.116963
80 0.117138
81 0.117314
81 0.117490
81 0.117666
81 0.117839
81 0.118017
81 0.118195
81 0.118374
81 0.118554
81 0.118726
81 0.118906
82 0.119090
82 0.119264
82 0.119445
82 0.119627
82 0.119806
82 0.119987
82 0.120163
82 0.120348
82 0.120524
82 0.120706
83 0.120889
83 0.121065
83 0.121246
83 0.121419
83 0.121602
83 0.121784
83 0.121962
83 0.122147
83 0.122334
83 0.122515
84 0.122700
84 0.122878
84 0.123060
84 0.123243
84 0.123430
84 0.123614
84 0.123786
84 0.123963
84 0.124143
84 0.124326
85 0.124502
85 0.124681
85 0.124865
85 0.125051
85 0.125194
85 0.125379
85 0.125568
85 0.125750
85 0.125937
85 0.126125
86 0.126312
86 0.126506
86 0.126692
86 0.126878
86 0.127063
86 0.127252
86 0.127444
86 0.127633
86 0.127820
86 0.128010
87 0.128198
87 0.128386
87 0.128584
87 0.128779
87 0.128971
87 0.129167
87 0.129354
87 0.129544
87 0.129729
87 0.129918
88 0.130109
88 0.130308
88 0.130500
88 0.130691
88 0.130884
88 0.131073
88 0.131266
88 0.131464
88 0.131656
88 0.131851
89 0.132047
89 0.132242
89 0.132433
89 0.132622
89 0.132814
89 0.133001
89 0.133187
89 0.133372
89 0.133575
89 0.133766
90 0.133957
90 0.134157
90 0.134361
90 0.134541
90 0.134729
90 0.134977
90 0.135166
90 0.135355
90 0.135555
90 0.135736
91 0.135933
91 0.136132
91 0.136337
91 0.136551
91 0.136756
91 0.136957
91 0.137155
91 0.137357
91 0.137563
91 0.137760
92 0.137973
92 0.138178
92 0.138386
92 0.138591
92 0.138787
92 0.138979
92 0.139184
92 0.139387
92 0.139583
92 0.139781
93 0.139986
93 0.140192
93 0.140395
93 0.140596
93 0.140800
93 0.141004
93 0.141203
93 0.141409
93 0.141617
93 0.141825
94 0.142036
94 0.142239
94 0.142436
94 0.142646
94 0.142858
94 0.143060
94 0.143268
94 0.143475
94 0.143686
94 0.143898
95 0.144101
95 0.144302
95 0.144512
95 0.144717
95 0.144924
95 0.145131
95 0.145342
95 0.145552
95 0.145758
95 0.145972
96 0.146186
96 0.146394
96 0.146607
96 0.146820
96 0.147028
96 0.147236
96 0.147447
96 0.147655
96 0.147861
96 0.148071
97 0.148276
97 0.148493
97 0.148709
97 0.148916
97 0.149130
97 0.149338
97 0.149560
97 0.149770
97 0.149982
97 0.150193
98 0.150405
98 0.150619
98 0.150835
98 0.151049
98 0.151273
98 0.151485
98 0.151698
98 0.151918
98 0.152141
98 0.152356
99 0.152572
99 0.152787
99 0.153001
99 0.153224
99 0.153440
99 0.153658
99 0.153875
99 0.154099
99 0.154311
99 0.154524
100 0.154757
100 0.154964
100 0.155170
100 0.155393
100 0.155607
100 0.155819
100 0.156049
100 0.156258
100 0.156459
100 0.156669
