1 0.028053
1 0.028054
1 0.028055
1 0.028056
1 0.028065
1 0.028065
1 0.028065
1 0.028065
1 0.028065
1 0.028065
2 0.028066
2 0.028066
2 0.028066
2 0.028067
2 0.028068
2 0.028069
2 0.028069
2 0.028069
2 0.028070
2 0.028071
3 0.028072
3 0.028073
3 0.028074
3 0.028074
3 0.028075
3 0.028076
3 0.028086
3 0.028087
3 0.028088
3 0.028088
4 0.028089
4 0.028090
4 0.028091
4 0.028092
4 0.028093
4 0.028093
4 0.028094
4 0.028094
4 0.028095
4 0.028096
5 0.028097
5 0.028106
5 0.028107
5 0.028107
5 0.028108
5 0.028109
5 0.028110
5 0.028111
5 0.028112
5 0.028113
6 0.028114
6 0.028115
6 0.028116
6 0.028118
6 0.028119
6 0.028120
6 0.028121
6 0.028122
6 0.028123
6 0.028124
7 0.028125
7 0.028126
7 0.028127
7 0.028128
7 0.028129
7 0.028130
7 0.028131
7 0.028132
7 0.028133
7 0.028134
8 0.028135
8 0.028137
8 0.028139
8 0.028140
8 0.028141
8 0.028142
8 0.028144
8 0.028146
8 0.028148
8 0.028149
9 0.028151
9 0.028153
9 0.028155
9 0.028157
9 0.028159
9 0.028161
9 0.028162
9 0.028164
9 0.028166
9 0.028168
10 0.028170
10 0.028172
10 0.028174
10 0.028176
10 0.028179
10 0.028181
10 0.028183
10 0.028185
10 0.028187
10 0.028189
11 0.028191
11 0.028194
11 0.028197
11 0.028200
11 0.028203
11 0.028206
11 0.028208
11 0.028211
11 0.028214
11 0.028217
12 0.028220
12 0.028223
12 0.028226
12 0.028229
12 0.028232
12 0.028235
12 0.028238
12 0.028240
12 0.028243
12 0.028245
13 0.028248
13 0.028260
13 0.028263
13 0.028276
13 0.028279
13 0.028282
13 0.028286
13 0.028289
13 0.028292
13 0.028295
14 0.028299
14 0.028302
14 0.028305
14 0.028308
14 0.028312
14 0.028316
14 0.028320
14 0.028324
14 0.028327
14 0.028330
15 0.028333
15 0.028337
15 0.028341
15 0.028345
15 0.028349
15 0.028353
15 0.028356
15 0.028360
15 0.028363
15 0.028367
16 0.028371
16 0.028385
16 0.028389
16 0.028393
16 0.028398
16 0.028403
16 0.028407
16 0.028411
16 0.028424
16 0.028428
17 0.028442
17 0.028447
17 0.028460
17 0.028465
17 0.028470
17 0.028475
17 0.028479
17 0.028483
17 0.028487
17 0.028491
18 0.028496
18 0.028501
18 0.028505
18 0.028510
18 0.028515
18 0.028520
18 0.028525
18 0.028530
18 0.028535
18 0.028539
19 0.028545
19 0.028551
19 0.028556
19 0.028561
19 0.028566
19 0.028571
19 0.028576
19 0.028581
19 0.028586
19 0.028591
20 0.028606
20 0.028612
20 0.028617
20 0.028623
20 0.028639
20 0.028657
20 0.028663
20 0.028669
20 0.028675
20 0.028680
21 0.028687
21 0.028694
21 0.028701
21 0.028707
21 0.028713
21 0.028719
21 0.028725
21 0.028731
21 0.028737
21 0.028743
22 0.028750
22 0.028757
22 0.028763
22 0.028770
22 0.028776
22 0.028783
22 0.028790
22 0.028796
22 0.028803
22 0.028809
23 0.028816
23 0.028823
23 0.028830
23 0.028837
23 0.028844
23 0.028851
23 0.028858
23 0.028865
23 0.028872
23 0.028879
24 0.028887
24 0.028895
24 0.028903
24 0.028911
24 0.028919
24 0.028927
24 0.028935
24 0.028943
24 0.028951
24 0.028959
25 0.028968
25 0.028977
25 0.028985
25 0.028994
25 0.029003
25 0.029011
25 0.029019
25 0.029027
25 0.029036
25 0.029044
26 0.029053
26 0.029062
26 0.029071
26 0.029079
26 0.029088
26 0.029097
26 0.029106
26 0.029115
26 0.029123
26 0.029132
27 0.029142
27 0.029151
27 0.029161
27 0.029170
27 0.029180
27 0.029189
27 0.029199
27 0.029208
27 0.029218
27 0.029228
28 0.029238
28 0.029249
28 0.029260
28 0.029270
28 0.029280
28 0.029290
28 0.029300
28 0.029310
28 0.029320
28 0.029330
29 0.029341
29 0.029352
29 0.029363
29 0.029373
29 0.029384
29 0.029395
29 0.029405
29 0.029416
29 0.029426
29 0.029437
30 0.029448
30 0.029460
30 0.029471
30 0.029482
30 0.029494
30 0.029505
30 0.029516
30 0.029539
30 0.029561
30 0.029594
31 0.029606
31 0.029618
31 0.029630
31 0.029642
31 0.029654
31 0.029666
31 0.029678
31 0.029690
31 0.029702
31 0.029714
32 0.029727
32 0.029740
32 0.029753
32 0.029766
32 0.029779
32 0.029792
32 0.029804
32 0.029817
32 0.029830
32 0.029843
33 0.029857
33 0.029871
33 0.029884
33 0.029897
33 0.029910
33 0.029924
33 0.029937
33 0.029950
33 0.029964
33 0.029977
34 0.029991
34 0.030005
34 0.030019
34 0.030033
34 0.030047
34 0.030061
34 0.030075
34 0.030089
34 0.030103
34 0.030117
35 0.030132
35 0.030147
35 0.030162
35 0.030177
35 0.030192
35 0.030207
35 0.030221
35 0.030236
35 0.030251
35 0.030266
36 0.030282
36 0.030298
36 0.030313
36 0.030329
36 0.030345
36 0.030360
36 0.030376
36 0.030392
36 0.030407
36 0.030423
37 0.030439
37 0.030457
37 0.030495
37 0.030524
37 0.030540
37 0.030557
37 0.030573
37 0.030590
37 0.030606
37 0.030622
38 0.030640
38 0.030657
38 0.030675
38 0.030692
38 0.030709
38 0.030727
38 0.030744
38 0.030761
38 0.030778
38 0.030795
39 0.030813
39 0.030831
39 0.030849
39 0.030867
39 0.030886
39 0.030904
39 0.030922
39 0.030940
39 0.030958
39 0.030976
40 0.030996
40 0.031016
40 0.031035
40 0.031054
40 0.031074
40 0.031093
40 0.031113
40 0.031132
40 0.031151
40 0.031170
41 0.031191
41 0.031211
41 0.031231
41 0.031251
41 0.031272
41 0.031292
41 0.031312
41 0.031332
41 0.031352
41 0.031372
42 0.031394
42 0.031427
42 0.031468
42 0.031489
42 0.031510
42 0.031531
42 0.031552
42 0.031573
42 0.031594
42 0.031615
43 0.031637
43 0.031659
43 0.031681
43 0.031703
43 0.031725
43 0.031747
43 0.031769
43 0.031791
43 0.031813
43 0.031836
44 0.031859
44 0.031882
44 0.031905
44 0.031928
44 0.031952
44 0.031975
44 0.031998
44 0.032021
44 0.032044
44 0.032068
45 0.032092
45 0.032116
45 0.032140
45 0.032164
45 0.032188
45 0.032212
45 0.032236
45 0.032260
45 0.032284
45 0.032308
46 0.032333
46 0.032359
46 0.032397
46 0.032431
46 0.032457
46 0.032482
46 0.032508
46 0.032533
46 0.032559
46 0.032584
47 0.032611
47 0.032638
47 0.032664
47 0.032691
47 0.032718
47 0.032744
47 0.032771
47 0.032798
47 0.032824
47 0.032851
48 0.032880
48 0.032908
48 0.032936
48 0.032964
48 0.032992
48 0.033020
48 0.033048
48 0.033076
48 0.033104
48 0.033133
49 0.033162
49 0.033191
49 0.033220
49 0.033249
49 0.033278
49 0.033307
49 0.033354
49 0.033383
49 0.033412
49 0.033441
50 0.033471
50 0.033501
50 0.033531
50 0.033561
50 0.033590
50 0.033619
50 0.033648
50 0.033678
50 0.033708
50 0.033738
51 0.033769
51 0.033800
51 0.033831
51 0.033862
51 0.033892
51 0.033922
51 0.033953
51 0.033984
51 0.034014
51 0.034044
52 0.034076
52 0.034108
52 0.034140
52 0.034171
52 0.034202
52 0.034234
52 0.034267
52 0.034329
52 0.034361
52 0.034393
53 0.034426
53 0.034459
53 0.034491
53 0.034524
53 0.034557
53 0.034590
53 0.034622
53 0.034655
53 0.034688
53 0.034720
54 0.034753
54 0.034786
54 0.034820
54 0.034854
54 0.034888
54 0.034921
54 0.034955
54 0.034989
54 0.035023
54 0.035057
55 0.035091
55 0.035125
55 0.035159
55 0.035194
55 0.035229
55 0.035286
55 0.035321
55 0.035356
55 0.035391
55 0.035426
56 0.035462
56 0.035498
56 0.035534
56 0.035570
56 0.035606
56 0.035642
56 0.035679
56 0.035715
56 0.035751
56 0.035787
57 0.035824
57 0.035861
57 0.035898
57 0.035935
57 0.035972
57 0.036009
57 0.036046
57 0.036083
57 0.036120
57 0.036157
58 0.036195
58 0.036256
58 0.036294
58 0.036331
58 0.036368
58 0.036406
58 0.036444
58 0.036482
58 0.036520
58 0.036558
59 0.036597
59 0.036636
59 0.036676
59 0.036715
59 0.036755
59 0.036794
59 0.036833
59 0.036872
59 0.036911
59 0.036950
60 0.036990
60 0.037030
60 0.037070
60 0.037111
60 0.037151
60 0.037216
60 0.037266
60 0.037307
60 0.037347
60 0.037387
61 0.037429
61 0.037470
61 0.037511
61 0.037553
61 0.037595
61 0.037637
61 0.037679
61 0.037721
61 0.037763
61 0.037804
62 0.037847
62 0.037890
62 0.037933
62 0.037976
62 0.038019
62 0.038062
62 0.038106
62 0.038160
62 0.038214
62 0.038257
63 0.038301
63 0.038345
63 0.038389
63 0.038433
63 0.038477
63 0.038521
63 0.038566
63 0.038610
63 0.038655
63 0.038699
64 0.038745
64 0.038790
64 0.038836
64 0.038882
64 0.038928
64 0.038973
64 0.039019
64 0.039064
64 0.039110
64 0.039187
65 0.039234
65 0.039281
65 0.039328
65 0.039375
65 0.039422
65 0.039468
65 0.039514
65 0.039561
65 0.039608
65 0.039655
66 0.039703
66 0.039751
66 0.039798
66 0.039845
66 0.039893
66 0.039941
66 0.039989
66 0.040037
66 0.040085
66 0.040163
67 0.040212
67 0.040261
67 0.040310
67 0.040360
67 0.040409
67 0.040458
67 0.040507
67 0.040556
67 0.040605
67 0.040654
68 0.040705
68 0.040756
68 0.040806
68 0.040857
68 0.040908
68 0.040959
68 0.041010
68 0.041061
68 0.041144
68 0.041194
69 0.041246
69 0.041298
69 0.041350
69 0.041402
69 0.041455
69 0.041507
69 0.041558
69 0.041610
69 0.041662
69 0.041714
70 0.041768
70 0.041822
70 0.041876
70 0.041930
70 0.041984
70 0.042038
70 0.042119
70 0.042172
70 0.042225
70 0.042279
71 0.042335
71 0.042390
71 0.042445
71 0.042500
71 0.042555
71 0.042609
71 0.042664
71 0.042742
71 0.042797
71 0.042852
72 0.042908
72 0.042965
72 0.043023
72 0.043080
72 0.043137
72 0.043194
72 0.043251
72 0.043307
72 0.043364
72 0.043421
73 0.043480
73 0.043538
73 0.043596
73 0.043654
73 0.043712
73 0.043770
73 0.043828
73 0.043886
73 0.043944
73 0.044003
74 0.044063
74 0.044123
74 0.044183
74 0.044243
74 0.044303
74 0.044363
74 0.044423
74 0.044483
74 0.044543
74 0.044602
75 0.044663
75 0.044724
75 0.044785
75 0.044846
75 0.044907
75 0.044970
75 0.045031
75 0.045092
75 0.045153
75 0.045215
76 0.045278
76 0.045341
76 0.045404
76 0.045467
76 0.045530
76 0.045593
76 0.045656
76 0.045719
76 0.045782
76 0.045845
77 0.045911
77 0.045977
77 0.046042
77 0.046107
77 0.046172
77 0.046237
77 0.046302
77 0.046367
77 0.046432
77 0.046496
78 0.046562
78 0.046629
78 0.046696
78 0.046763
78 0.046830
78 0.046897
78 0.046964
78 0.047031
78 0.047098
78 0.047165
79 0.047233
79 0.047302
79 0.047371
79 0.047440
79 0.047508
79 0.047577
79 0.047646
79 0.047715
79 0.047783
79 0.047852
80 0.047924
80 0.047995
80 0.048066
80 0.048137
80 0.048208
80 0.048280
80 0.048351
80 0.048422
80 0.048493
80 0.048563
81 0.048635
81 0.048707
81 0.048780
81 0.048856
81 0.048928
81 0.049000
81 0.049073
81 0.049145
81 0.049217
81 0.049289
82 0.049363
82 0.049437
82 0.049510
82 0.049584
82 0.049659
82 0.049772
82 0.049866
82 0.049970
82 0.050098
82 0.050244
83 0.050375
83 0.050496
83 0.050630
83 0.050728
83 0.050809
83 0.050889
83 0.050970
83 0.051051
83 0.051131
83 0.051211
84 0.051293
84 0.051375
84 0.051457
84 0.051539
84 0.051621
84 0.051703
84 0.051785
84 0.051868
84 0.051951
84 0.052034
85 0.052118
85 0.052202
85 0.052286
85 0.052369
85 0.052453
85 0.052536
85 0.052620
85 0.052704
85 0.052805
85 0.052883
86 0.052963
86 0.053044
86 0.053125
86 0.053206
86 0.053287
86 0.053367
86 0.053448
86 0.053529
86 0.053610
86 0.053691
87 0.053798
87 0.053880
87 0.053962
87 0.054044
87 0.054126
87 0.054209
87 0.054292
87 0.054375
87 0.054457
87 0.054540
88 0.054625
88 0.054710
88 0.054795
88 0.054880
88 0.054965
88 0.055050
88 0.055135
88 0.055219
88 0.055303
88 0.055388
89 0.055475
89 0.055561
89 0.055648
89 0.055736
89 0.055823
89 0.055909
89 0.055995
89 0.056081
89 0.056167
89 0.056253
90 0.056341
90 0.056428
90 0.056516
90 0.056604
90 0.056693
90 0.056782
90 0.056871
90 0.056960
90 0.057048
90 0.057136
91 0.057226
91 0.057316
91 0.057405
91 0.057494
91 0.057585
91 0.057676
91 0.057766
91 0.057856
91 0.057946
91 0.058036
92 0.058128
92 0.058220
92 0.058311
92 0.058403
92 0.058496
92 0.058588
92 0.058680
92 0.058772
92 0.058864
92 0.058956
93 0.059048
93 0.059142
93 0.059236
93 0.059330
93 0.059424
93 0.059519
93 0.059614
93 0.059708
93 0.059803
93 0.059898
94 0.059995
94 0.060092
94 0.060188
94 0.060285
94 0.060383
94 0.060479
94 0.060577
94 0.060673
94 0.060770
94 0.060867
95 0.060966
95 0.061065
95 0.061164
95 0.061263
95 0.061362
95 0.061460
95 0.061560
95 0.061659
95 0.061758
95 0.061857
96 0.061960
96 0.062063
96 0.062165
96 0.062267
96 0.062369
96 0.062471
96 0.062573
96 0.062674
96 0.062776
96 0.062878
97 0.062982
97 0.063085
97 0.063188
97 0.063291
97 0.063394
97 0.063497
97 0.063601
97 0.063705
97 0.063808
97 0.063911
98 0.064015
98 0.064120
98 0.064225
98 0.064378
98 0.064559
98 0.064742
98 0.064925
98 0.065062
98 0.065174
98 0.065322
99 0.065454
99 0.065575
99 0.065717
99 0.065830
99 0.065943
99 0.066083
99 0.066207
99 0.066321
99 0.066434
99 0.066548
100 0.066663
100 0.066778
100 0.066893
100 0.067008
100 0.067123
100 0.067237
100 0.067351
100 0.067474
100 0.067583
100 0.067692
