1 0.011362
1 0.011363
1 0.011363
1 0.011364
1 0.011365
1 0.011366
1 0.011366
1 0.011366
1 0.011367
1 0.011368
2 0.011368
2 0.011369
2 0.011370
2 0.011371
2 0.011371
2 0.011372
2 0.011373
2 0.011373
2 0.011374
2 0.011375
3 0.011376
3 0.011377
3 0.011378
3 0.011381
3 0.011382
3 0.011383
3 0.011384
3 0.011398
3 0.011399
3 0.011402
4 0.011404
4 0.011405
4 0.011407
4 0.011408
4 0.011409
4 0.011412
4 0.011413
4 0.011414
4 0.011415
4 0.011416
5 0.011417
5 0.011420
5 0.011422
5 0.011424
5 0.011426
5 0.011427
5 0.011428
5 0.011429
5 0.011430
5 0.011431
6 0.011432
6 0.011434
6 0.011436
6 0.011437
6 0.011439
6 0.011441
6 0.011442
6 0.011443
6 0.011444
6 0.011445
7 0.011447
7 0.011449
7 0.011457
7 0.011459
7 0.011460
7 0.011462
7 0.011464
7 0.011467
7 0.011468
7 0.011470
8 0.011472
8 0.011476
8 0.011478
8 0.011480
8 0.011484
8 0.011486
8 0.011488
8 0.011491
8 0.011493
8 0.011495
9 0.011497
9 0.011499
9 0.011501
9 0.011503
9 0.011507
9 0.011509
9 0.011515
9 0.011517
9 0.011519
9 0.011521
10 0.011524
10 0.011526
10 0.011528
10 0.011532
10 0.011534
10 0.011538
10 0.011541
10 0.011544
10 0.011548
10 0.011550
11 0.011553
11 0.011556
11 0.011559
11 0.011563
11 0.011565
11 0.011569
11 0.011572
11 0.011575
11 0.011578
11 0.011580
12 0.011583
12 0.011586
12 0.011589
12 0.011593
12 0.011596
12 0.011600
12 0.011603
12 0.011606
12 0.011610
12 0.011612
13 0.011616
13 0.011619
13 0.011623
13 0.011626
13 0.011629
13 0.011637
13 0.011640
13 0.011645
13 0.011648
13 0.011653
14 0.011656
14 0.011659
14 0.011662
14 0.011667
14 0.011670
14 0.011673
14 0.011677
14 0.011680
14 0.011685
14 0.011688
15 0.011693
15 0.011696
15 0.011700
15 0.011703
15 0.011707
15 0.011711
15 0.011716
15 0.011719
15 0.011724
15 0.011727
16 0.011733
16 0.011737
16 0.011741
16 0.011744
16 0.011749
16 0.011754
16 0.011761
16 0.011764
16 0.011769
16 0.011772
17 0.011777
17 0.011780
17 0.011785
17 0.011789
17 0.011794
17 0.011798
17 0.011802
17 0.011807
17 0.011810
17 0.011815
18 0.011819
18 0.011823
18 0.011828
18 0.011831
18 0.011836
18 0.011839
18 0.011844
18 0.011848
18 0.011854
18 0.011860
19 0.011864
19 0.011870
19 0.011874
19 0.011881
19 0.011887
19 0.011891
19 0.011897
19 0.011901
19 0.011905
19 0.011910
20 0.011914
20 0.011919
20 0.011923
20 0.011929
20 0.011935
20 0.011939
20 0.011945
20 0.011951
20 0.011955
20 0.011960
21 0.011964
21 0.011969
21 0.011974
21 0.011978
21 0.011984
21 0.011989
21 0.011994
21 0.012001
21 0.012006
21 0.012011
22 0.012017
22 0.012021
22 0.012025
22 0.012031
22 0.012035
22 0.012041
22 0.012046
22 0.012051
22 0.012058
22 0.012064
23 0.012070
23 0.012075
23 0.012081
23 0.012087
23 0.012092
23 0.012098
23 0.012104
23 0.012108
23 0.012114
23 0.012122
24 0.012128
24 0.012133
24 0.012139
24 0.012145
24 0.012150
24 0.012157
24 0.012164
24 0.012172
24 0.012177
24 0.012182
25 0.012188
25 0.012195
25 0.012200
25 0.012206
25 0.012213
25 0.012220
25 0.012227
25 0.012234
25 0.012240
25 0.012248
26 0.012256
26 0.012263
26 0.012271
26 0.012278
26 0.012285
26 0.012290
26 0.012296
26 0.012302
26 0.012309
26 0.012316
27 0.012323
27 0.012329
27 0.012335
27 0.012341
27 0.012348
27 0.012354
27 0.012360
27 0.012369
27 0.012375
27 0.012382
28 0.012388
28 0.012395
28 0.012401
28 0.012407
28 0.012415
28 0.012422
28 0.012429
28 0.012438
28 0.012446
28 0.012454
29 0.012462
29 0.012470
29 0.012485
29 0.012494
29 0.012502
29 0.012508
29 0.012517
29 0.012523
29 0.012531
29 0.012539
30 0.012547
30 0.012555
30 0.012563
30 0.012580
30 0.012588
30 0.012596
30 0.012604
30 0.012611
30 0.012617
30 0.012624
31 0.012632
31 0.012640
31 0.012648
31 0.012656
31 0.012664
31 0.012672
31 0.012680
31 0.012688
31 0.012697
31 0.012706
32 0.012714
32 0.012724
32 0.012732
32 0.012740
32 0.012750
32 0.012759
32 0.012767
32 0.012775
32 0.012784
32 0.012793
33 0.012802
33 0.012810
33 0.012819
33 0.012828
33 0.012837
33 0.012847
33 0.012856
33 0.012865
33 0.012875
33 0.012883
34 0.012892
34 0.012900
34 0.012909
34 0.012918
34 0.012927
34 0.012935
34 0.012944
34 0.012954
34 0.012963
34 0.012972
35 0.012981
35 0.012990
35 0.013002
35 0.013011
35 0.013026
35 0.013038
35 0.013047
35 0.013057
35 0.013066
35 0.013075
36 0.013084
36 0.013093
36 0.013103
36 0.013114
36 0.013124
36 0.013135
36 0.013145
36 0.013155
36 0.013166
36 0.013175
37 0.013184
37 0.013194
37 0.013204
37 0.013213
37 0.013223
37 0.013233
37 0.013241
37 0.013252
37 0.013262
37 0.013271
38 0.013281
38 0.013291
38 0.013300
38 0.013310
38 0.013320
38 0.013330
38 0.013342
38 0.013353
38 0.013362
38 0.013372
39 0.013385
39 0.013394
39 0.013404
39 0.013414
39 0.013423
39 0.013435
39 0.013445
39 0.013456
39 0.013465
39 0.013475
40 0.013485
40 0.013495
40 0.013505
40 0.013516
40 0.013528
40 0.013538
40 0.013548
40 0.013563
40 0.013576
40 0.013586
41 0.013596
41 0.013606
41 0.013618
41 0.013629
41 0.013639
41 0.013651
41 0.013662
41 0.013673
41 0.013684
41 0.013696
42 0.013707
42 0.013717
42 0.013727
42 0.013739
42 0.013749
42 0.013759
42 0.013772
42 0.013783
42 0.013794
42 0.013806
43 0.013818
43 0.013829
43 0.013842
43 0.013854
43 0.013864
43 0.013876
43 0.013887
43 0.013897
43 0.013911
43 0.013922
44 0.013933
44 0.013946
44 0.013957
44 0.013968
44 0.013980
44 0.013991
44 0.014003
44 0.014015
44 0.014026
44 0.014039
45 0.014052
45 0.014064
45 0.014077
45 0.014090
45 0.014101
45 0.014117
45 0.014130
45 0.014141
45 0.014155
45 0.014167
46 0.014180
46 0.014193
46 0.014204
46 0.014215
46 0.014227
46 0.014239
46 0.014252
46 0.014264
46 0.014277
46 0.014288
47 0.014300
47 0.014317
47 0.014329
47 0.014342
47 0.014354
47 0.014368
47 0.014380
47 0.014392
47 0.014404
47 0.014417
48 0.014429
48 0.014441
48 0.014454
48 0.014481
48 0.014492
48 0.014506
48 0.014517
48 0.014538
48 0.014549
48 0.014560
49 0.014580
49 0.014593
49 0.014604
49 0.014625
49 0.014635
49 0.014646
49 0.014656
49 0.014667
49 0.014681
49 0.014691
50 0.014703
50 0.014716
50 0.014727
50 0.014740
50 0.014750
50 0.014761
50 0.014772
50 0.014784
50 0.014795
50 0.014806
51 0.014816
51 0.014829
51 0.014839
51 0.014851
51 0.014863
51 0.014873
51 0.014885
51 0.014896
51 0.014908
51 0.014919
52 0.014932
52 0.014943
52 0.014955
52 0.014966
52 0.014979
52 0.015001
52 0.015012
52 0.015034
52 0.015054
52 0.015080
53 0.015113
53 0.015134
53 0.015146
53 0.015157
53 0.015169
53 0.015181
53 0.015192
53 0.015205
53 0.015223
53 0.015236
54 0.015248
54 0.015260
54 0.015272
54 0.015284
54 0.015295
54 0.015308
54 0.015319
54 0.015331
54 0.015345
54 0.015356
55 0.015369
55 0.015381
55 0.015404
55 0.015418
55 0.015450
55 0.015462
55 0.015485
55 0.015501
55 0.015524
55 0.015536
56 0.015550
56 0.015564
56 0.015585
56 0.015606
56 0.015619
56 0.015630
56 0.015644
56 0.015657
56 0.015671
56 0.015683
57 0.015695
57 0.015709
57 0.015721
57 0.015734
57 0.015747
57 0.015761
57 0.015778
57 0.015791
57 0.015804
57 0.015818
58 0.015830
58 0.015844
58 0.015857
58 0.015868
58 0.015883
58 0.015896
58 0.015909
58 0.015921
58 0.015934
58 0.015947
59 0.015959
59 0.015971
59 0.015986
59 0.015998
59 0.016011
59 0.016025
59 0.016038
59 0.016050
59 0.016063
59 0.016076
60 0.016089
60 0.016104
60 0.016116
60 0.016130
60 0.016143
60 0.016155
60 0.016169
60 0.016183
60 0.016197
60 0.016212
61 0.016226
61 0.016239
61 0.016256
61 0.016271
61 0.016285
61 0.016299
61 0.016313
61 0.016326
61 0.016341
61 0.016354
62 0.016367
62 0.016381
62 0.016395
62 0.016409
62 0.016423
62 0.016437
62 0.016451
62 0.016465
62 0.016478
62 0.016491
63 0.016504
63 0.016518
63 0.016532
63 0.016546
63 0.016561
63 0.016575
63 0.016588
63 0.016601
63 0.016614
63 0.016629
64 0.016643
64 0.016656
64 0.016672
64 0.016687
64 0.016701
64 0.016715
64 0.016734
64 0.016748
64 0.016761
64 0.016774
65 0.016789
65 0.016803
65 0.016818
65 0.016833
65 0.016848
65 0.016864
65 0.016880
65 0.016896
65 0.016910
65 0.016924
66 0.016938
66 0.016952
66 0.016966
66 0.016980
66 0.016994
66 0.017009
66 0.017024
66 0.017039
66 0.017055
66 0.017069
67 0.017084
67 0.017099
67 0.017117
67 0.017132
67 0.017146
67 0.017161
67 0.017174
67 0.017188
67 0.017207
67 0.017222
68 0.017239
68 0.017254
68 0.017269
68 0.017284
68 0.017300
68 0.017315
68 0.017330
68 0.017345
68 0.017363
68 0.017379
69 0.017394
69 0.017409
69 0.017426
69 0.017442
69 0.017457
69 0.017474
69 0.017489
69 0.017505
69 0.017521
69 0.017540
70 0.017555
70 0.017570
70 0.017587
70 0.017603
70 0.017619
70 0.017637
70 0.017653
70 0.017668
70 0.017688
70 0.017704
71 0.017721
71 0.017738
71 0.017754
71 0.017770
71 0.017785
71 0.017800
71 0.017817
71 0.017833
71 0.017848
71 0.017863
72 0.017880
72 0.017896
72 0.017913
72 0.017931
72 0.017948
72 0.017964
72 0.017980
72 0.017996
72 0.018013
72 0.018032
73 0.018049
73 0.018066
73 0.018082
73 0.018098
73 0.018114
73 0.018132
73 0.018150
73 0.018171
73 0.018186
73 0.018202
74 0.018219
74 0.018237
74 0.018253
74 0.018272
74 0.018289
74 0.018306
74 0.018323
74 0.018339
74 0.018356
74 0.018372
75 0.018392
75 0.018408
75 0.018425
75 0.018441
75 0.018458
75 0.018474
75 0.018495
75 0.018512
75 0.018530
75 0.018546
76 0.018563
76 0.018580
76 0.018596
76 0.018614
76 0.018632
76 0.018655
76 0.018671
76 0.018688
76 0.018705
76 0.018722
77 0.018738
77 0.018755
77 0.018771
77 0.018790
77 0.018807
77 0.018824
77 0.018844
77 0.018861
77 0.018881
77 0.018899
78 0.018917
78 0.018934
78 0.018952
78 0.018969
78 0.018988
78 0.019006
78 0.019026
78 0.019044
78 0.019060
78 0.019079
79 0.019097
79 0.019116
79 0.019139
79 0.019156
79 0.019172
79 0.019193
79 0.019211
79 0.019231
79 0.019249
79 0.019269
80 0.019287
80 0.019307
80 0.019325
80 0.019344
80 0.019362
80 0.019379
80 0.019398
80 0.019417
80 0.019435
80 0.019453
81 0.019472
81 0.019490
81 0.019509
81 0.019526
81 0.019546
81 0.019564
81 0.019583
81 0.019600
81 0.019622
81 0.019641
82 0.019661
82 0.019679
82 0.019696
82 0.019714
82 0.019734
82 0.019752
82 0.019771
82 0.019790
82 0.019810
82 0.019828
83 0.019847
83 0.019864
83 0.019883
83 0.019904
83 0.019921
83 0.019940
83 0.019958
83 0.019976
83 0.019997
83 0.020017
84 0.020036
84 0.020056
84 0.020075
84 0.020099
84 0.020118
84 0.020137
84 0.020158
84 0.020176
84 0.020195
84 0.020213
85 0.020234
85 0.020254
85 0.020273
85 0.020294
85 0.020313
85 0.020334
85 0.020353
85 0.020374
85 0.020395
85 0.020415
86 0.020435
86 0.020456
86 0.020475
86 0.020496
86 0.020515
86 0.020534
86 0.020555
86 0.020582
86 0.020601
86 0.020621
87 0.020641
87 0.020661
87 0.020682
87 0.020703
87 0.020723
87 0.020744
87 0.020764
87 0.020785
87 0.020807
87 0.020828
88 0.020849
88 0.020868
88 0.020889
88 0.020912
88 0.020933
88 0.020952
88 0.020972
88 0.020991
88 0.021011
88 0.021033
89 0.021054
89 0.021080
89 0.021101
89 0.021123
89 0.021142
89 0.021165
89 0.021186
89 0.021206
89 0.021227
89 0.021247
90 0.021269
90 0.021289
90 0.021310
90 0.021331
90 0.021352
90 0.021374
90 0.021397
90 0.021417
90 0.021439
90 0.021461
91 0.021482
91 0.021505
91 0.021524
91 0.021545
91 0.021572
91 0.021593
91 0.021615
91 0.021636
91 0.021657
91 0.021678
92 0.021701
92 0.021722
92 0.021745
92 0.021766
92 0.021786
92 0.021807
92 0.021829
92 0.021852
92 0.021871
92 0.021892
93 0.021913
93 0.021933
93 0.021957
93 0.021980
93 0.022003
93 0.022025
93 0.022051
93 0.022073
93 0.022096
93 0.022118
94 0.022140
94 0.022162
94 0.022184
94 0.022208
94 0.022230
94 0.022252
94 0.022274
94 0.022296
94 0.022319
94 0.022339
95 0.022361
95 0.022383
95 0.022405
95 0.022427
95 0.022450
95 0.022471
95 0.022493
95 0.022514
95 0.022541
95 0.022564
96 0.022587
96 0.022610
96 0.022633
96 0.022656
96 0.022678
96 0.022699
96 0.022722
96 0.022745
96 0.022767
96 0.022791
97 0.022814
97 0.022836
97 0.022858
97 0.022881
97 0.022905
97 0.022927
97 0.022951
97 0.022973
97 0.022997
97 0.023021
98 0.023049
98 0.023070
98 0.023093
98 0.023116
98 0.023142
98 0.023164
98 0.023185
98 0.023207
98 0.023231
98 0.023255
99 0.023278
99 0.023301
99 0.023325
99 0.023351
99 0.023376
99 0.023399
99 0.023422
99 0.023446
99 0.023469
99 0.023494
100 0.023517
100 0.023546
100 0.023570
100 0.023596
100 0.023620
100 0.023642
100 0.023666
100 0.023690
100 0.023715
100 0.023739
