1 0.000549
1 0.000550
1 0.000551
1 0.000551
1 0.000551
1 0.000552
1 0.000553
1 0.000553
1 0.000553
1 0.000554
2 0.000555
2 0.000555
2 0.000556
2 0.000557
2 0.000557
2 0.000557
2 0.000558
2 0.000558
2 0.000559
2 0.000560
3 0.000561
3 0.000562
3 0.000563
3 0.000564
3 0.000566
3 0.000567
3 0.000568
3 0.000569
3 0.000570
3 0.000571
4 0.000572
4 0.000573
4 0.000574
4 0.000575
4 0.000576
4 0.000577
4 0.000578
4 0.000579
4 0.000580
4 0.000581
5 0.000582
5 0.000583
5 0.000584
5 0.000585
5 0.000586
5 0.000587
5 0.000588
5 0.000589
5 0.000590
5 0.000592
6 0.000593
6 0.000594
6 0.000596
6 0.000597
6 0.000599
6 0.000600
6 0.000601
6 0.000602
6 0.000605
6 0.000606
7 0.000608
7 0.000609
7 0.000610
7 0.000611
7 0.000612
7 0.000613
7 0.000614
7 0.000616
7 0.000617
7 0.000618
8 0.000620
8 0.000622
8 0.000625
8 0.000627
8 0.000629
8 0.000631
8 0.000635
8 0.000636
8 0.000638
8 0.000640
9 0.000643
9 0.000645
9 0.000647
9 0.000649
9 0.000651
9 0.000653
9 0.000654
9 0.000656
9 0.000659
9 0.000661
10 0.000663
10 0.000666
10 0.000668
10 0.000670
10 0.000672
10 0.000674
10 0.000677
10 0.000679
10 0.000680
10 0.000683
11 0.000684
11 0.000687
11 0.000688
11 0.000690
11 0.000693
11 0.000695
11 0.000698
11 0.000700
11 0.000701
11 0.000704
12 0.000706
12 0.000709
12 0.000711
12 0.000713
12 0.000716
12 0.000718
12 0.000722
12 0.000724
12 0.000728
12 0.000730
13 0.000732
13 0.000734
13 0.000736
13 0.000739
13 0.000741
13 0.000744
13 0.000745
13 0.000748
13 0.000750
13 0.000751
14 0.000754
14 0.000756
14 0.000759
14 0.000761
14 0.000764
14 0.000766
14 0.000768
14 0.000770
14 0.000772
14 0.000775
15 0.000777
15 0.000780
15 0.000782
15 0.000785
15 0.000787
15 0.000790
15 0.000792
15 0.000795
15 0.000797
15 0.000802
16 0.000805
16 0.000809
16 0.000811
16 0.000817
16 0.000820
16 0.000826
16 0.000829
16 0.000833
16 0.000835
16 0.000838
17 0.000840
17 0.000844
17 0.000847
17 0.000851
17 0.000853
17 0.000857
17 0.000860
17 0.000864
17 0.000866
17 0.000870
18 0.000873
18 0.000877
18 0.000879
18 0.000883
18 0.000887
18 0.000889
18 0.000893
18 0.000895
18 0.000901
18 0.000906
19 0.000909
19 0.000913
19 0.000916
19 0.000920
19 0.000924
19 0.000927
19 0.000933
19 0.000936
19 0.000940
19 0.000944
20 0.000947
20 0.000951
20 0.000953
20 0.000957
20 0.000961
20 0.000963
20 0.000969
20 0.000972
20 0.000977
20 0.000982
21 0.000985
21 0.000989
21 0.000994
21 0.000997
21 0.001001
21 0.001005
21 0.001008
21 0.001012
21 0.001015
21 0.001018
22 0.001023
22 0.001026
22 0.001029
22 0.001034
22 0.001037
22 0.001041
22 0.001045
22 0.001048
22 0.001052
22 0.001056
23 0.001061
23 0.001066
23 0.001070
23 0.001073
23 0.001077
23 0.001081
23 0.001084
23 0.001088
23 0.001092
23 0.001095
24 0.001099
24 0.001104
24 0.001107
24 0.001111
24 0.001116
24 0.001121
24 0.001124
24 0.001130
24 0.001134
24 0.001137
25 0.001142
25 0.001149
25 0.001155
25 0.001159
25 0.001164
25 0.001169
25 0.001173
25 0.001178
25 0.001183
25 0.001187
26 0.001190
26 0.001195
26 0.001200
26 0.001204
26 0.001209
26 0.001214
26 0.001217
26 0.001221
26 0.001226
26 0.001230
27 0.001235
27 0.001239
27 0.001243
27 0.001249
27 0.001255
27 0.001260
27 0.001265
27 0.001270
27 0.001275
27 0.001280
28 0.001286
28 0.001292
28 0.001298
28 0.001304
28 0.001309
28 0.001313
28 0.001317
28 0.001322
28 0.001330
28 0.001336
29 0.001342
29 0.001347
29 0.001352
29 0.001358
29 0.001364
29 0.001371
29 0.001377
29 0.001382
29 0.001387
29 0.001391
30 0.001396
30 0.001404
30 0.001409
30 0.001413
30 0.001418
30 0.001424
30 0.001430
30 0.001436
30 0.001442
30 0.001447
31 0.001453
31 0.001459
31 0.001465
31 0.001471
31 0.001477
31 0.001483
31 0.001489
31 0.001495
31 0.001501
31 0.001506
32 0.001512
32 0.001519
32 0.001528
32 0.001534
32 0.001540
32 0.001546
32 0.001553
32 0.001558
32 0.001564
32 0.001569
33 0.001575
33 0.001581
33 0.001587
33 0.001593
33 0.001599
33 0.001605
33 0.001611
33 0.001617
33 0.001623
33 0.001629
34 0.001635
34 0.001640
34 0.001646
34 0.001652
34 0.001658
34 0.001665
34 0.001671
34 0.001677
34 0.001683
34 0.001689
35 0.001696
35 0.001703
35 0.001710
35 0.001716
35 0.001724
35 0.001732
35 0.001739
35 0.001745
35 0.001751
35 0.001757
36 0.001763
36 0.001769
36 0.001776
36 0.001783
36 0.001790
36 0.001796
36 0.001802
36 0.001808
36 0.001816
36 0.001823
37 0.001830
37 0.001836
37 0.001842
37 0.001852
37 0.001859
37 0.001866
37 0.001873
37 0.001880
37 0.001886
37 0.001893
38 0.001900
38 0.001906
38 0.001912
38 0.001920
38 0.001927
38 0.001934
38 0.001941
38 0.001948
38 0.001956
38 0.001963
39 0.001970
39 0.001977
39 0.001984
39 0.001991
39 0.001999
39 0.002006
39 0.002013
39 0.002020
39 0.002027
39 0.002034
40 0.002041
40 0.002048
40 0.002055
40 0.002062
40 0.002069
40 0.002075
40 0.002082
40 0.002090
40 0.002099
40 0.002106
41 0.002113
41 0.002121
41 0.002128
41 0.002136
41 0.002143
41 0.002150
41 0.002157
41 0.002164
41 0.002173
41 0.002182
42 0.002190
42 0.002197
42 0.002215
42 0.002224
42 0.002232
42 0.002243
42 0.002252
42 0.002260
42 0.002268
42 0.002275
43 0.002284
43 0.002292
43 0.002299
43 0.002306
43 0.002315
43 0.002322
43 0.002330
43 0.002339
43 0.002353
43 0.002360
44 0.002367
44 0.002375
44 0.002385
44 0.002393
44 0.002401
44 0.002408
44 0.002416
44 0.002424
44 0.002432
44 0.002441
45 0.002450
45 0.002458
45 0.002467
45 0.002475
45 0.002483
45 0.002492
45 0.002500
45 0.002508
45 0.002517
45 0.002525
46 0.002536
46 0.002545
46 0.002553
46 0.002564
46 0.002572
46 0.002580
46 0.002589
46 0.002597
46 0.002605
46 0.002614
47 0.002622
47 0.002633
47 0.002641
47 0.002649
47 0.002658
47 0.002666
47 0.002675
47 0.002685
47 0.002695
47 0.002703
48 0.002712
48 0.002722
48 0.002731
48 0.002740
48 0.002750
48 0.002759
48 0.002767
48 0.002775
48 0.002783
48 0.002793
49 0.002802
49 0.002813
49 0.002822
49 0.002831
49 0.002841
49 0.002850
49 0.002860
49 0.002868
49 0.002877
49 0.002885
50 0.002894
50 0.002904
50 0.002914
50 0.002925
50 0.002934
50 0.002943
50 0.002952
50 0.002960
50 0.002970
50 0.002979
51 0.002990
51 0.002999
51 0.003011
51 0.003020
51 0.003030
51 0.003039
51 0.003047
51 0.003056
51 0.003064
51 0.003074
52 0.003082
52 0.003092
52 0.003101
52 0.003112
52 0.003120
52 0.003130
52 0.003139
52 0.003150
52 0.003158
52 0.003168
53 0.003177
53 0.003187
53 0.003197
53 0.003208
53 0.003216
53 0.003226
53 0.003235
53 0.003243
53 0.003252
53 0.003261
54 0.003270
54 0.003281
54 0.003291
54 0.003303
54 0.003314
54 0.003323
54 0.003334
54 0.003344
54 0.003353
54 0.003364
55 0.003374
55 0.003384
55 0.003396
55 0.003407
55 0.003418
55 0.003429
55 0.003438
55 0.003449
55 0.003460
55 0.003469
56 0.003480
56 0.003493
56 0.003503
56 0.003513
56 0.003523
56 0.003533
56 0.003544
56 0.003553
56 0.003564
56 0.003575
57 0.003587
57 0.003598
57 0.003609
57 0.003621
57 0.003631
57 0.003642
57 0.003653
57 0.003663
57 0.003674
57 0.003687
58 0.003697
58 0.003708
58 0.003720
58 0.003730
58 0.003741
58 0.003753
58 0.003763
58 0.003773
58 0.003786
58 0.003798
59 0.003808
59 0.003819
59 0.003832
59 0.003842
59 0.003853
59 0.003864
59 0.003874
59 0.003886
59 0.003897
59 0.003909
60 0.003919
60 0.003930
60 0.003941
60 0.003952
60 0.003962
60 0.003975
60 0.003987
60 0.003999
60 0.004009
60 0.004021
61 0.004032
61 0.004045
61 0.004056
61 0.004068
61 0.004081
61 0.004092
61 0.004102
61 0.004113
61 0.004125
61 0.004137
62 0.004147
62 0.004158
62 0.004171
62 0.004183
62 0.004193
62 0.004205
62 0.004217
62 0.004229
62 0.004239
62 0.004251
63 0.004264
63 0.004277
63 0.004289
63 0.004299
63 0.004310
63 0.004322
63 0.004334
63 0.004346
63 0.004358
63 0.004371
64 0.004382
64 0.004393
64 0.004406
64 0.004418
64 0.004430
64 0.004442
64 0.004454
64 0.004466
64 0.004478
64 0.004490
65 0.004502
65 0.004518
65 0.004530
65 0.004542
65 0.004555
65 0.004568
65 0.004580
65 0.004592
65 0.004604
65 0.004616
66 0.004628
66 0.004646
66 0.004659
66 0.004671
66 0.004682
66 0.004694
66 0.004707
66 0.004720
66 0.004733
66 0.004746
67 0.004759
67 0.004773
67 0.004785
67 0.004797
67 0.004809
67 0.004820
67 0.004833
67 0.004846
67 0.004859
67 0.004873
68 0.004886
68 0.004898
68 0.004910
68 0.004924
68 0.004941
68 0.004954
68 0.004965
68 0.004976
68 0.004988
68 0.005000
69 0.005013
69 0.005026
69 0.005038
69 0.005051
69 0.005065
69 0.005078
69 0.005091
69 0.005104
69 0.005116
69 0.005129
70 0.005144
70 0.005157
70 0.005171
70 0.005184
70 0.005196
70 0.005209
70 0.005221
70 0.005234
70 0.005247
70 0.005260
71 0.005273
71 0.005286
71 0.005299
71 0.005310
71 0.005322
71 0.005334
71 0.005346
71 0.005366
71 0.005379
71 0.005392
72 0.005405
72 0.005418
72 0.005431
72 0.005444
72 0.005459
72 0.005473
72 0.005486
72 0.005500
72 0.005513
72 0.005526
73 0.005540
73 0.005553
73 0.005568
73 0.005583
73 0.005596
73 0.005610
73 0.005624
73 0.005637
73 0.005651
73 0.005664
74 0.005678
74 0.005692
74 0.005706
74 0.005719
74 0.005732
74 0.005746
74 0.005761
74 0.005780
74 0.005795
74 0.005809
75 0.005822
75 0.005836
75 0.005849
75 0.005865
75 0.005879
75 0.005893
75 0.005908
75 0.005922
75 0.005936
75 0.005950
76 0.005965
76 0.005979
76 0.005993
76 0.006007
76 0.006022
76 0.006036
76 0.006049
76 0.006064
76 0.006078
76 0.006092
77 0.006106
77 0.006121
77 0.006135
77 0.006149
77 0.006164
77 0.006178
77 0.006197
77 0.006211
77 0.006225
77 0.006241
78 0.006255
78 0.006271
78 0.006286
78 0.006300
78 0.006316
78 0.006330
78 0.006344
78 0.006359
78 0.006375
78 0.006389
79 0.006404
79 0.006419
79 0.006435
79 0.006450
79 0.006465
79 0.006484
79 0.006498
79 0.006512
79 0.006527
79 0.006542
80 0.006558
80 0.006573
80 0.006587
80 0.006602
80 0.006617
80 0.006637
80 0.006651
80 0.006666
80 0.006682
80 0.006696
81 0.006715
81 0.006731
81 0.006748
81 0.006763
81 0.006781
81 0.006796
81 0.006811
81 0.006826
81 0.006841
81 0.006857
82 0.006872
82 0.006890
82 0.006905
82 0.006922
82 0.006937
82 0.006953
82 0.006968
82 0.006986
82 0.007002
82 0.007017
83 0.007033
83 0.007054
83 0.007071
83 0.007088
83 0.007105
83 0.007120
83 0.007138
83 0.007154
83 0.007171
83 0.007188
84 0.007205
84 0.007222
84 0.007239
84 0.007254
84 0.007271
84 0.007287
84 0.007304
84 0.007319
84 0.007336
84 0.007352
85 0.007370
85 0.007387
85 0.007405
85 0.007421
85 0.007439
85 0.007454
85 0.007477
85 0.007494
85 0.007511
85 0.007527
86 0.007545
86 0.007561
86 0.007578
86 0.007597
86 0.007613
86 0.007629
86 0.007645
86 0.007662
86 0.007678
86 0.007696
87 0.007712
87 0.007729
87 0.007745
87 0.007762
87 0.007778
87 0.007796
87 0.007814
87 0.007830
87 0.007847
87 0.007863
88 0.007882
88 0.007905
88 0.007922
88 0.007939
88 0.007955
88 0.007972
88 0.007989
88 0.008006
88 0.008022
88 0.008041
89 0.008059
89 0.008075
89 0.008095
89 0.008111
89 0.008128
89 0.008144
89 0.008162
89 0.008179
89 0.008196
89 0.008214
90 0.008231
90 0.008251
90 0.008269
90 0.008286
90 0.008305
90 0.008328
90 0.008345
90 0.008364
90 0.008383
90 0.008401
91 0.008418
91 0.008436
91 0.008452
91 0.008469
91 0.008488
91 0.008507
91 0.008524
91 0.008542
91 0.008560
91 0.008576
92 0.008596
92 0.008614
92 0.008631
92 0.008649
92 0.008667
92 0.008684
92 0.008705
92 0.008723
92 0.008739
92 0.008765
93 0.008785
93 0.008805
93 0.008822
93 0.008841
93 0.008859
93 0.008876
93 0.008893
93 0.008914
93 0.008935
93 0.008953
94 0.008972
94 0.008991
94 0.009010
94 0.009027
94 0.009045
94 0.009064
94 0.009083
94 0.009100
94 0.009120
94 0.009138
95 0.009157
95 0.009174
95 0.009196
95 0.009216
95 0.009233
95 0.009251
95 0.009268
95 0.009286
95 0.009304
95 0.009324
96 0.009343
96 0.009362
96 0.009381
96 0.009401
96 0.009421
96 0.009440
96 0.009459
96 0.009476
96 0.009495
96 0.009514
97 0.009534
97 0.009553
97 0.009571
97 0.009590
97 0.009610
97 0.009635
97 0.009653
97 0.009670
97 0.009689
97 0.009708
98 0.009729
98 0.009747
98 0.009766
98 0.009785
98 0.009804
98 0.009824
98 0.009844
98 0.009863
98 0.009882
98 0.009901
99 0.009921
99 0.009942
99 0.009960
99 0.009979
99 0.009998
99 0.010017
99 0.010037
99 0.010062
99 0.010082
99 0.010102
100 0.010122
100 0.010143
100 0.010161
100 0.010180
100 0.010200
100 0.010220
100 0.010239
100 0.010260
100 0.010280
100 0.010300
